"code","y","x1","x2","x3"
1,"1",6.34569812276338,6.76262401884614,6.08305530880784
2,"1",6.18287064201858,5.75737568689645,3.71947015119665
3,"1",6.06818232265115,5.49943359204273,7.59826077487596
4,"1",5.93477124368282,5.45898636477943,4.65872689138448
5,"1",6.10698136299825,5.92111557565097,7.66568710559903
6,"1",5.99531827950406,5.38130510582118,4.70563322759596
7,"1",6.07837609365775,6.64630720763317,5.01099352970246
8,"1",6.04059748639513,6.01726987730851,4.08150918589284
9,"1",5.6689207888614,5.51093816574541,7.05428046252535
10,"1",5.99371878665369,6.44083191032071,4.40468564448537
11,"1",5.9208512689985,6.01037072456601,4.66307928268761
12,"1",6.34008263883944,5.71598712054563,3.89010611006059
13,"1",5.88994501772919,6.63350625910253,7.466270407311
14,"1",5.79308483682938,6.12147923309802,6.20866129093116
15,"1",6.15463365670773,6.12021932873611,6.41148983719898
16,"1",6.60495390033053,5.31420498781196,6.38033679878335
17,"1",5.76305851774144,6.7061362744427,6.46829656356369
18,"1",6.10754185613467,5.03704685930781,6.42869884484706
19,"1",6.3249900751422,6.10105001296997,4.7809170319702
20,"1",5.80234842266359,5.57849139430704,6.37025302150056
21,"1",6.1091269138412,5.71873881811073,7.3842650329697
22,"1",6.3002649209927,5.04822878733432,4.9422287565555
23,"1",5.64402541012765,5.73014088255152,6.5802913832914
24,"1",5.83221110761764,5.68801387188454,5.03671738802517
25,"1",5.90408073538115,5.69878368179724,5.18479108810808
26,"1",6.0154739271227,5.86675434969332,5.97891489703752
27,"1",6.49571120849881,5.10455666503927,5.60584093927408
28,"1",6.10965216334658,5.66931842144159,5.892561090601
29,"1",5.63182107013909,5.50823645898101,5.06364838591773
30,"1",6.09696893000956,6.32988752901817,6.8710593873
31,"1",5.80697242674427,6.18363669359426,6.19600203038231
32,"1",6.19268061605447,5.27724960947022,6.73750956633495
33,"1",6.19710286288961,5.96441330204298,7.7204680342574
34,"1",6.13850344449606,6.6248400313873,5.83912769389381
35,"1",6.18319986285252,6.03250250580585,7.69771852350775
36,"1",5.89518082900569,6.60330471146503,6.81802682189845
37,"1",6.31224402387276,6.05310602813433,4.42243656250465
38,"1",6.27838176773066,6.39421502167689,7.29076847838844
39,"1",6.2272471512296,6.67991119916754,4.78436433963554
40,"1",5.64071751034015,5.88883969258708,5.28248955239193
41,"1",5.81397161250535,5.64832248127823,4.56817445353098
42,"1",6.29887181952361,7.45900491512379,5.53524457487991
43,"1",6.14042092084182,5.41698812516324,5.58634505416886
44,"1",5.86446527890056,6.31549183762448,5.95515863919547
45,"1",5.88031955430577,6.34352531373724,5.94384370185402
46,"1",5.99283118289318,5.31937668807916,5.82207236851428
47,"1",6.10974356722778,5.50060558895688,3.87816085915228
48,"1",5.88460938086857,4.72354013619131,5.05184250366221
49,"1",5.84336027249624,6.06538590371275,7.01917753627141
50,"1",5.58311310942605,5.38522944782989,4.89613045619145
51,"1",6.40586663764553,5.24128942683493,7.14552963856353
52,"1",6.00512343246263,5.32131753616265,6.02168613803147
53,"1",5.55536631372816,6.26693604594719,6.2206402812184
54,"1",5.83406695769977,6.67811829025013,5.89842042693382
55,"1",5.93477910233217,5.48024529097753,6.46537524845243
56,"1",5.89098330721474,5.26234345959906,5.37917555363565
57,"1",5.94007299215487,5.80981969324582,4.03840887319063
58,"1",6.25025234322114,5.99440329618814,5.94188020911145
59,"1",6.0761428761265,6.24741161907553,6.833853785467
60,"1",5.54689773213581,5.7126124370125,4.35219616916862
61,"1",6.34656470367628,5.88168518609454,4.25024175657046
62,"1",6.12216973584908,6.21440754926555,7.70850895906909
63,"1",5.90307820011715,5.96058980834586,5.90692524269762
64,"1",5.8299523567884,5.78127511094932,7.20438480087537
65,"1",5.64153991143841,6.23297357781274,7.26964811252017
66,"1",6.54742788823878,6.08587666869675,5.6647159225046
67,"1",6.19186724096804,5.70004792497301,5.94599602621128
68,"1",6.29943560119644,5.5751252407037,5.19774897241486
69,"1",5.92919334325743,5.57436978598914,3.71036406603859
70,"1",6.21183686644979,5.69717963948118,4.36990874585302
71,"1",5.7380730458964,4.94868464123325,6.14564805304069
72,"1",6.08919888277167,5.91081391271061,7.12742207415284
73,"1",5.60706300192562,5.89776895281254,5.76910845772141
74,"1",6.14864257331059,6.55905276780116,5.29423432932961
75,"1",5.91151569518646,6.09695270873771,5.38660242292518
76,"1",5.78901316871501,5.57123021474981,5.03619178281297
77,"1",6.03979188396234,5.30197420259283,7.8718248700932
78,"1",5.69169816650132,5.68141867386106,7.42633008662712
79,"1",5.98872538332254,4.99794318036016,6.63712495645828
80,"1",5.70254144647896,6.1730559167328,5.24983754888178
81,"1",5.88404322822771,6.06551473943964,5.94923534879019
82,"1",5.99912810420303,6.24080336128463,5.55880273070302
83,"1",6.02968437614901,5.54701993903014,6.51070592651083
84,"1",5.75670066097928,5.09580440412017,5.65114055828355
85,"1",5.85645191797365,5.66124031344527,6.29685776123907
86,"1",5.88283429516705,6.86254558333946,7.01495337032699
87,"1",6.11186806128716,6.30296297443736,7.12143698751467
88,"1",6.07561135788277,5.57997093598781,5.43030649808469
89,"1",6.54938336312085,5.70887038335069,7.5383393003137
90,"1",6.29980084399619,7.4560311038907,5.70899119050258
91,"1",5.83404298252044,6.17522966077791,7.74076595978626
92,"1",6.28591091649529,6.6250024371568,6.61500904131565
93,"1",6.36793191198984,5.7715316831146,6.6692245327512
94,"1",6.58239294509983,5.92828581357232,6.13868834023837
95,"1",5.45015721608556,5.7631819454212,8.7102888680765
96,"1",5.81864967985815,6.75986028003081,4.30158116830918
97,"1",6.35992772970208,5.67269954989138,5.46318035873603
98,"1",6.58677157113778,6.33461731867357,6.74609688434594
99,"1",5.59793072706422,6.02831712370582,6.3324636077049
100,"1",6.00687813697719,6.48708823198891,4.86255556347255
101,"1",5.91237427676939,6.27288604426972,4.62288893829284
102,"1",5.91149967847353,5.31181655565695,5.34996888354104
103,"1",6.20197081522636,5.08588820658808,5.06453849229937
104,"1",5.49774512819813,5.2421209307278,5.88348850571822
105,"1",6.21839365972297,5.76411441650867,7.9382408754377
106,"1",5.68861893147348,5.76363846804662,7.68697791821032
107,"1",6.03820135335227,5.5838638969504,4.98454348772729
108,"1",6.24111492524602,5.02025338187454,5.39446571463803
109,"1",6.00797456881685,7.07147913963826,4.67298261007138
110,"1",6.06538808260496,6.46754552202818,6.54275308855235
111,"1",5.93231209606721,5.19254248836693,5.97771261341989
112,"1",6.01124979541557,5.63035323537101,5.87900701741904
113,"1",5.72163302987507,6.01587293725802,6.21808588685191
114,"1",5.88410644789949,5.31823719869005,7.00776298441638
115,"1",6.00390729323175,5.25096877664794,5.31773889352444
116,"1",5.98459101688918,5.84626983780686,4.35224074748018
117,"1",6.33927632242384,6.08298239744678,5.99169281812968
118,"1",5.8279894578288,6.20214088067153,7.51685388698318
119,"1",5.97094987757824,4.88556032771669,6.06811087096277
120,"1",5.86979020554992,6.03046917245846,6.14469118497686
121,"1",6.27421950168827,6.81771094908344,4.56688644792152
122,"1",6.11668397062029,6.06367848208677,5.38135764618482
123,"1",5.97890118377554,5.3650590128098,6.71717224512147
124,"1",6.37704626050331,6.12587500331125,4.51316476813792
125,"1",6.1416863361562,6.27774776268516,6.05733182017183
126,"1",6.10572823734885,6.76214425932524,4.69469988149068
127,"1",5.77160879109989,5.85289525920779,5.26648158936673
128,"1",6.16314568021095,6.6134662203997,6.6074221455997
129,"1",6.34792759039673,5.37718780215294,6.05893891542051
130,"1",6.28458927300196,5.38156140365965,5.53495484457977
131,"1",6.3219977226153,6.04311560929935,5.58969657056384
132,"1",6.31575913643624,6.02371611442918,6.40802852730494
133,"1",5.903253914899,6.11362242534264,7.48483768296003
134,"1",5.87324317739744,5.60826218229963,7.13564972962424
135,"1",6.12092841563881,5.74182646624114,6.54930839294116
136,"1",5.84980866295052,5.53026531545013,5.86444978096746
137,"1",6.05354346661453,5.76106939426112,6.08824138006578
138,"1",5.6107678430768,5.58059285744447,5.43498887594324
139,"1",6.25203688061334,6.263973006074,9.12917598298481
140,"1",5.35385081797787,5.65904702527124,5.63506596739807
141,"1",6.0255627332664,6.1058653159018,4.40873038458449
142,"1",6.22333625018272,6.38104641974471,8.24376635840304
143,"1",6.16600359839776,6.11083993031393,5.39705602262544
144,"1",5.9529740141549,5.98440076524594,6.971027279863
145,"1",6.07161077117439,6.48068465156501,5.39079482592314
146,"1",5.74493660701524,5.5811120357275,6.02769343286985
147,"1",6.29334239940122,5.76093068152959,4.85407297429622
148,"1",6.03594425593442,6.29856800233416,6.25918992930714
149,"1",5.79868998631307,5.50024489644184,5.00896366646989
150,"1",6.25567393175005,5.80770892151867,4.710868084551
151,"1",5.71373625137493,5.13145367691769,6.07344278055253
152,"1",6.33236744555188,5.45210265685708,7.05556458380601
153,"1",5.19730876580827,5.18086822617253,4.16175046411942
154,"1",6.05580207572861,5.50409441608272,6.25400141316324
155,"1",5.67582785564185,5.75766039327458,6.18787670769117
156,"1",6.02652958392399,5.93810483309073,6.3734528238166
157,"1",5.73971793991809,5.8048807242009,7.62328211629783
158,"1",5.95672520259954,6.53806386328269,6.79681875615273
159,"1",5.91744132434604,6.5492828529787,5.76412152674974
160,"1",6.20498882025298,6.5065316687643,7.32351193704823
161,"1",6.15114482066801,6.56129412646851,5.75084606851105
162,"1",6.14445313166007,6.5971795041354,5.88751527013625
163,"1",6.11541139622974,5.35863624680384,6.12188989151037
164,"1",5.72434427118993,6.52880000284798,5.09452905577191
165,"1",6.11479577003099,5.91388069506292,5.12676076795367
166,"1",5.72566744945475,6.66273145970908,4.93542497595258
167,"1",5.94464339364108,5.92035801682898,5.843143978288
168,"1",5.97606476507724,5.38465273471149,6.5798376289934
169,"1",5.885616024317,4.96118914220069,5.80951257055868
170,"1",5.98801128691016,6.46384815685919,5.92291026406852
171,"1",6.03489618498507,5.17227529037702,6.89989468204539
172,"1",6.25277467035895,6.93837272221882,5.15339331371275
173,"1",5.63012855059126,6.18729034200608,5.31616971914317
174,"1",6.03179589556576,6.45748537695485,5.39597693664679
175,"1",5.98303571212636,5.36662207514516,6.66691447514625
176,"1",5.5493251297613,5.85585412593344,4.70600778635898
177,"1",5.94090026418733,5.36351579374321,5.71297446035384
178,"1",5.75807427820879,6.34521625879444,7.14756954657142
179,"1",6.10735075748336,5.83093081502276,6.4021250089886
180,"1",5.77077023449137,6.9674449408074,5.97487086608877
181,"1",5.78131669378677,5.92210686121338,5.52802526032647
182,"1",5.74516635703193,5.30379349029193,5.01852314487337
183,"1",5.75274433030663,5.6713937763568,6.47566657314441
184,"1",6.08878911042754,6.47916342440653,7.34707463771385
185,"1",5.95253883361456,6.04529400677488,6.20526931881355
186,"1",5.9205506930854,6.61603198886751,7.21714237441704
187,"1",6.2306647095525,6.1162307552529,6.12577347025
188,"1",5.79155520168846,5.61800031209163,6.32151154284295
189,"1",6.0310284555403,5.52659473212963,5.10011958223188
190,"1",5.5097352342064,5.21193379110548,6.70087955643033
191,"1",5.81715462461843,5.62831147942858,7.43532598039688
192,"1",6.23532700849349,6.06693913052567,6.90229518149319
193,"1",5.9989565452882,6.78145410391459,5.86511814903854
194,"1",6.04102701521452,5.725110222046,6.30607913917887
195,"1",5.8375389348488,5.08265016834523,4.88777418435926
196,"1",6.29301249170265,6.52502497186298,7.93775111793846
197,"1",5.89870381865291,5.64595641893166,7.00187648730338
198,"2",7.18606367787857,6.64194264491917,4.41233885708698
199,"2",7.28960063258337,6.61344602733905,6.68842837256243
200,"2",6.93346502130219,6.89916709738488,7.17125722382223
201,"2",6.8600083136836,7.14179447139495,5.19248768439699
202,"2",7.4658557914101,6.87727995270346,6.19507144204029
203,"2",6.77020126709893,6.3958168085858,5.85729765616622
204,"2",7.30159506534451,6.58283860923355,7.28247695757467
205,"2",7.45487083154568,7.08035036507193,7.3287603654175
206,"2",6.84021882515163,7.10962930507885,8.2734873211558
207,"2",6.76763351537405,6.773239425057,6.28715786083098
208,"2",6.99061012845532,7.13168020418884,7.49364577004923
209,"2",6.72130015270097,6.71771352002026,8.36959878018467
210,"2",6.59864871240235,6.56724198518688,7.95202700498774
211,"2",7.22302244915903,7.47269168746718,8.18080515245426
212,"2",6.97995145559475,6.78238219988779,6.2986622701316
213,"2",6.96585278087441,6.79571182391787,6.25713623053149
214,"2",6.9236062948693,6.57130208078302,7.56828735257453
215,"2",6.80833200843256,6.74526585829973,8.60528237674814
216,"2",6.65736358648813,7.46581267362318,5.52632043780446
217,"2",7.2298561002332,7.40266869375325,6.55835879963559
218,"2",7.37660239932079,6.33694025204827,7.42060677764668
219,"2",6.72900937838237,7.28675351423764,7.08502484103099
220,"2",6.92715806983036,8.07380397770658,8.1150201711546
221,"2",7.51871155230868,6.8496611609025,6.79256550128404
222,"2",7.09061460783973,6.84575664086054,7.44057248223269
223,"2",7.04717858917385,7.63738812596626,7.87992331796144
224,"2",7.11419953323999,8.35336526493357,7.10166026801445
225,"2",7.22278378304022,7.5434045357598,6.59865330162805
226,"2",7.4562171297792,6.82111260521992,9.09227408913762
227,"2",6.87056422278112,6.9957804000319,7.64384714891122
228,"2",6.94725708371919,6.63857984061443,7.38655132320801
229,"2",6.83263128671807,7.05298182796532,7.37378892944377
230,"2",7.2862222216025,6.32980413050403,6.58510213171293
231,"2",6.63106618809622,7.81460222852653,5.9343088187423
232,"2",7.2541184948349,5.91613497163284,7.39386960828501
233,"2",6.90152301503154,6.77799590014966,7.90933617793783
234,"2",7.07139166573711,6.793206989946,5.36843370530465
235,"2",6.5474941171649,6.56532245106196,6.86639853554059
236,"2",7.09499134821819,7.74997336865898,6.87211716544606
237,"2",7.3328196367468,6.12824397270728,6.45217993848615
238,"2",7.13669533941251,6.24667559359892,6.33876303912518
239,"2",7.10489680609849,7.26250149813519,7.40666762179127
240,"2",6.74651825183173,8.01691382290322,5.94963587034764
241,"2",7.08471698521071,7.7225833346812,6.10850708878075
242,"2",7.23351297823317,8.46358518024244,6.65350088586553
243,"2",6.94083057105608,6.66873068067534,6.3448570113423
244,"2",6.94500872465347,6.57982950548956,6.9247884967934
245,"2",7.181708481768,7.2680481016058,6.46401089545409
246,"2",6.90101476889283,7.13432442930506,7.46263975628872
247,"2",7.22286002518809,7.69985395910121,7.65306579961604
248,"2",6.59745959956109,6.83225043174931,5.49403122571804
249,"2",7.21950999125146,7.65965351150504,7.18650213409483
250,"2",6.9958712595384,7.18595688930176,6.70560985260042
251,"2",6.81162336880643,7.48198354664216,6.8589509837962
252,"2",7.1654219510218,7.41659429579248,7.82252273923869
253,"2",7.20623652350675,7.01389660119588,7.96612988443374
254,"2",6.93318116537013,6.34968143938743,5.98597067277441
255,"2",6.70668831171742,6.55224457418558,8.37808088891907
256,"2",6.90829781462608,7.36349359053936,7.93680660555764
257,"2",7.01132307936955,6.509507084335,7.66694135064762
258,"2",6.7913632061301,7.8908361395965,7.10113849127874
259,"2",7.34623116426746,7.665761394854,7.86245920533832
260,"2",7.17634726033998,6.77471920056716,6.89559279366438
261,"2",7.01428507691186,5.78351178564002,6.97855110845728
262,"2",6.90802974306445,6.11471401109419,6.60619691812969
263,"2",7.2634841810629,7.0253126387135,8.51214863059352
264,"2",6.87275645299472,6.88121269863793,6.8773549717996
265,"2",6.84141612787734,6.62027790395903,8.0210014399498
266,"2",7.14707575559926,6.81232605744245,7.59319256288956
267,"2",6.47067351027131,7.68520425706645,8.08154938934748
268,"2",7.36738450578936,7.3526702652836,7.4192528994299
269,"2",7.17372777219771,7.47991627949901,7.06851666266135
270,"2",6.9812847241814,6.94583207998973,6.94371067073027
271,"2",7.21512077525322,6.56968311362555,7.95594785969649
272,"2",6.71095100922025,6.99791803122581,5.19330959590748
273,"2",6.89790487282435,7.52771501934416,8.09881403160202
274,"2",7.00443317805185,7.47007747173163,5.00927063167934
275,"2",6.82423932776746,6.23569144577545,6.94402989257422
276,"2",6.75939659681025,5.77334486361495,8.01482270207093
277,"2",6.9593729037005,6.67277662818846,7.82454450722246
278,"2",7.12387736514784,7.10560296466316,6.88672512372684
279,"2",7.17737722207419,7.16034429434676,6.2932350830232
280,"2",6.55919498899455,7.20047208675504,6.50527967128582
281,"2",7.26758347929851,6.93781450973356,6.46423938648287
282,"2",6.85685186253398,6.68792066426252,7.5598392695511
283,"2",6.74423780449981,6.95729384936028,7.33146575222486
284,"2",6.77437922680283,6.25598754896587,6.0585951412072
285,"2",6.7663853015674,6.93625696687653,5.44808243311875
286,"2",6.79535292654567,6.5026954610257,6.87537713039046
287,"2",7.28864236632456,7.33444079363688,4.60125553005776
288,"2",6.95542638431921,6.576790231374,6.17141034434652
289,"2",6.90188388103318,7.47916555107294,6.62636093824784
290,"2",6.97946549005101,6.88409493633255,6.7473600155352
291,"2",6.94983432701994,7.38111015081836,7.53259650501465
292,"2",6.76611888228812,6.46554681974355,5.95859736151453
293,"2",7.28708296201799,6.93807253157802,8.17539975314465
294,"2",7.46970632545908,6.89215347232658,5.45580139041672
295,"2",6.90154219481051,6.61375390130973,7.3997643242373
296,"2",7.21576571103765,7.79072929381933,6.60860309910644
297,"2",6.50084110577709,7.50854819759903,5.82545614948039
298,"2",7.02374319027786,6.22986575160746,6.0527858937763
299,"2",6.87167669516296,6.98271776091526,5.0686852812337
300,"2",6.86455027211112,6.36315279821432,6.49347949153412
301,"2",6.45958738462831,5.75482199722559,7.86142577391182
302,"2",6.92861733087094,7.00441068319886,8.43338348547322
303,"2",7.03270742209967,6.36931885744598,8.06374150944543
304,"2",7.1597733245637,6.81276904505473,5.92992825249514
305,"2",7.08697032296748,7.37402711221887,9.13698606257583
306,"2",6.72902242857916,7.32915112789508,7.5919473260157
307,"2",7.22542005115323,7.83535106118547,6.46725984313737
308,"2",7.25899040963725,6.40919200974506,6.64181399379255
309,"2",7.17236914037031,7.95712110398624,6.52829209437822
310,"2",7.24422747130067,6.74757057932326,8.90559857965431
311,"2",6.99544485593145,6.89001012555001,6.47528548913751
312,"2",7.08579498415381,7.08406373243812,6.95008546546705
313,"2",7.06892923306498,6.72010436489758,6.06227282189891
314,"2",7.09261659735589,6.46042080016398,7.6663641709327
315,"2",7.04320359006736,8.0375139895743,7.07861287974935
316,"2",7.4804513343171,7.18899933975747,6.87458394005347
317,"2",6.8601220612974,6.7204503734457,6.90081593267503
318,"2",6.8900423160348,7.55944828106067,7.23284027297584
319,"2",7.14560961026733,6.82395367725694,7.14662026662331
320,"2",7.33027569656563,6.89328639304594,6.3529774188226
321,"2",6.89507481431142,7.31046981128838,7.63907780856326
322,"2",7.01353568549657,6.53701291315982,7.49621039648795
323,"2",7.18361110372216,6.95454834481131,7.25977689985314
324,"2",6.63329112486858,7.49600186774646,6.83128985517323
325,"2",7.33959009839864,6.0268083646009,6.82886359546343
326,"2",7.13340284326615,6.21389527504997,7.83797231355527
327,"2",6.83274730614953,6.50112003402226,7.29108063393165
328,"2",6.89699017823845,7.45201966611875,5.49635072773221
329,"2",7.27431637424114,7.98885616445289,6.00279476478488
330,"2",7.31089977593416,6.86845762027888,7.12823135654642
331,"2",7.27496852778473,6.74243947237816,6.15450858880751
332,"2",7.29679348146678,7.54186673289186,6.60958112067682
333,"2",7.57390876287072,7.00523920649647,8.40728496283177
334,"2",7.2222121155321,6.04318022953954,8.92383649820462
335,"2",7.17942419389667,6.99822545305488,6.72549849317358
336,"2",7.03022895883816,7.14166023242997,6.93157624928542
337,"2",6.98201132810224,5.79350342723373,7.02940665239915
338,"2",6.96454554898435,7.60774028446638,7.79680834939926
339,"2",6.91299525393031,6.5967037107394,7.12560087059223
340,"2",7.15526615926609,6.09853947191493,7.36628879094247
341,"2",7.04497548860775,7.39664947738883,8.1256119724722
342,"2",6.75080441002263,7.5830613556037,7.11530481380714
343,"2",6.9156582519863,7.17550705210942,7.0595343718707
344,"2",7.05574153578764,7.9457503377101,4.14199296116121
345,"2",6.7658270016202,7.14195101041121,5.72546709906635
346,"2",6.85324407497581,7.08549739979834,7.30443786557919
347,"2",6.87356676074986,6.02152919057531,5.4568383087515
348,"2",7.39277789759597,6.3045779427488,6.20431677529343
349,"2",7.06245609097905,7.06776567880179,5.41937503048023
350,"2",7.04547019012094,7.11348728064246,7.05623319884501
351,"2",6.90906854790942,6.85232510492274,6.71106327656399
352,"2",6.83693666837802,7.12438759812764,6.57679782530723
353,"2",6.60456985534462,7.70093727607846,6.66782162709502
354,"2",7.0966179841093,7.59852872813205,6.66211611113132
355,"2",7.19892330347109,6.50473925480489,6.8041879194924
356,"2",6.82036448712721,7.23262561022092,5.51370938464631
357,"2",7.04755103940022,6.97824155585198,8.39072641066388
358,"2",6.76954817266699,7.28214823146944,6.4560709058966
359,"2",7.14053555269796,6.81673782443565,6.87605265979708
360,"2",7.1517814667777,6.85778700200964,6.99186947355974
361,"2",7.06041401730832,6.59113898135942,6.79797594034141
362,"2",7.21840686079482,6.92097183365923,6.44130491671907
363,"2",6.97924272516825,7.06820189887231,5.91137424889
364,"2",7.32373088679671,6.99594483858595,6.77562864260817
365,"2",6.84014705423897,8.27599690794875,8.13500768311574
366,"2",7.20986151943592,7.01165666946491,7.98218621176878
367,"2",6.67708601373468,6.69113593336778,6.91190141790527
368,"2",6.83556636552774,7.62708373523413,7.12075964512364
369,"2",7.42691595448501,7.06661910833714,6.51115924756968
370,"2",7.10368302665793,6.97821607026725,5.94944661763398
371,"2",7.16936440919685,7.35819593141665,7.01955352984905
372,"2",7.2101014067039,7.31787138136784,8.35032713156873
373,"2",6.93171377805874,6.82518996158294,8.1051544743466
374,"2",7.32204673811507,6.9035221408481,5.54111287447502
375,"2",6.88827443763808,7.47046679482485,7.68304269438211
376,"2",6.7756939758976,6.92023883481833,7.1984836565873
377,"2",6.64591436481157,7.12399154285326,5.91690008849445
378,"2",7.15502367207954,6.45964204823744,8.32906231689376
379,"2",7.28643923983715,7.20237046517492,6.35691892605205
380,"2",6.9871722200396,7.02037054400586,6.5284138855011
381,"2",7.06213897332754,6.81004058391998,7.16267770265032
382,"2",7.33160103125228,7.22767879869863,6.07811717905985
383,"2",7.39814786950591,7.53246082599589,6.21497918886221
384,"2",7.31462729476539,6.80023416215343,7.04709236011037
385,"2",7.07152098381022,7.24329784384967,6.84308808916859
386,"2",7.04220634751568,6.38530050951727,6.10095433758266
387,"2",7.11340024964916,7.24232398101933,6.85601960032504
388,"2",7.50802604856506,6.61953869437068,8.31224294197816
389,"2",6.65303825208692,7.28105856863427,6.63803531504726
390,"2",6.79138236888529,7.73356101667127,5.80689471077844
391,"2",6.988582151521,6.41471566439612,7.46039035672047
392,"2",6.92807701550386,6.61776536325866,5.89120850443377
393,"2",6.81770218400481,6.80156595414246,7.75543477444537
394,"2",7.57582889377335,7.38156362839951,8.1421632261148
395,"2",7.20265714603975,6.52659819735963,5.65920129910602
396,"2",6.88491431801563,7.02289458431554,6.29961616295145
397,"3",7.97238869968457,8.02041343268637,7.61060196867516
398,"3",8.19384386862802,8.08857411571617,8.17055185681486
399,"3",7.99953508367496,8.35188811277147,7.38456930953746
400,"3",8.08161959187115,7.7655243789205,9.00814715692412
401,"3",8.41170062841124,8.29625469063003,8.75915259769197
402,"3",8.10790476733439,8.4598791410448,8.83713477268202
403,"3",8.16750195340454,7.90814778745287,9.01429864823974
404,"3",7.51981174888864,7.31270848585163,8.13181641181668
405,"3",7.84484403363791,8.72681514685433,7.87947840763232
406,"3",7.91395493852748,8.3557634461561,8.03517326001636
407,"3",8.06271813500614,7.29693426582706,8.21209201643879
408,"3",8.50690309106195,7.61117263881084,7.58951343794549
409,"3",8.07717774418098,7.99632981155481,7.933107407589
410,"3",7.98637138870834,8.1410610023891,7.47362878895434
411,"3",7.85203136893914,8.41610743069737,7.26814083200023
412,"3",8.5671301991487,7.81070922678841,8.17497034178222
413,"3",7.41458123683605,8.24536306129374,7.74714570097056
414,"3",8.09070758656713,7.81221721581465,6.64262858743115
415,"3",8.1752964299273,7.92365821276145,7.28225254598053
416,"3",8.4624564788441,7.6545483916647,8.82396372335523
417,"3",7.81829763493068,7.9880018791502,7.8717048826858
418,"3",8.25124627259284,7.56981661740709,6.668505496049
419,"3",8.21928078311027,7.9348445080335,11.220467543462
420,"3",8.47201113899396,7.98416820442302,8.77001493450304
421,"3",7.96219870242387,8.15742865667157,8.06236093030449
422,"3",8.1528023063519,8.02962207703551,7.37888370028867
423,"3",7.92869462937266,7.36356416405418,9.0611347250865
424,"3",7.82574664297505,7.41236374062571,7.97832233332577
425,"3",8.20514318001043,7.99439836214102,7.24839317359979
426,"3",7.94205596367686,8.17247707416905,6.81346750181925
427,"3",7.78801109764293,7.71642709802492,8.13950117629081
428,"3",7.5875598525645,8.78609010653894,7.14331617718738
429,"3",8.07191236260758,7.61800599370418,6.83374632914048
430,"3",7.98327990394054,7.72553411382644,7.55252555596231
431,"3",8.0222911483204,6.83247955096344,8.46723558671045
432,"3",8.37181332997612,8.13076285573806,9.49906574888656
433,"3",8.27145870114698,8.07474917761379,6.85451610065667
434,"3",7.75026467795373,8.1231999934856,8.30886570200513
435,"3",8.2719994327591,7.53560492109888,8.64581248375282
436,"3",7.93659986015159,8.20657155066052,9.74023955542834
437,"3",7.99079310700349,8.07001280189823,7.52192377472816
438,"3",8.49465093754577,8.06299469789827,6.68464223465715
439,"3",8.3388911951208,9.1441857788448,9.09144457907697
440,"3",7.61936628326155,7.90225036088354,8.67563032905107
441,"3",8.05449769292781,8.04930094934165,8.23039274674399
442,"3",7.74927177243359,8.76606700289345,9.18186618070114
443,"3",8.2096481372834,7.59241589898856,9.547767527544
444,"3",8.3134316533765,7.18539961478273,6.89543732711096
445,"3",8.42611111173518,8.15700380912169,7.2039546654305
446,"3",8.2778499471585,8.47686116135063,8.4617506659525
447,"3",8.13164663287835,8.08504566419873,7.07879983455645
448,"3",7.8806349025191,9.00860304448043,7.46984478534913
449,"3",8.14811892394085,7.73950792830738,9.57879122472618
450,"3",8.24875366971022,7.16148677420473,9.14114044681628
451,"3",8.12960674088184,8.04731420350612,7.90043361025592
452,"3",7.87527779052073,8.74286465084383,8.4372883296402
453,"3",8.07330373665663,7.73149224462522,9.95799996162782
454,"3",7.56877405907075,8.24692686770346,8.60356447760496
455,"3",8.32308730075853,7.11547781570458,8.3407205995321
456,"3",8.16500396363365,7.9694338009248,9.55183092604295
457,"3",8.12920915125034,7.5436133854481,7.89965730993498
458,"3",8.14201008098033,8.18274626902817,8.13672737051395
459,"3",8.3281556221486,8.55836662074217,7.85265055161473
460,"3",7.99474441522825,8.62860846610188,8.51273675630586
461,"3",8.27930979376225,7.67243314170458,8.44164634795862
462,"3",7.8731518546961,8.45750244265463,8.25545330014047
463,"3",7.86884953286234,8.52689116872251,8.97813958294889
464,"3",8.0901087523426,7.91591061427241,5.75367253748788
465,"3",8.30178977667525,8.81164622791584,8.2493426622479
466,"3",7.98893880389067,7.95987006593676,7.21390952480886
467,"3",8.04082290663723,7.6968383084999,9.8661034719709
468,"3",7.75701147714978,8.61942252410944,8.23003739691428
469,"3",7.97393066029729,7.88591693181106,9.2141490476528
470,"3",8.46172857152112,8.0239375203791,8.29860283429395
471,"3",7.64673586313107,8.40642649997628,8.14901818313188
472,"3",7.9480677744568,7.7325204958552,8.55601720939367
473,"3",8.2986818996905,8.09745329284215,7.67745352979973
474,"3",7.83842814906245,8.00769953246535,5.80748231987557
475,"3",8.04494641175418,8.50662192869035,8.83245217155485
476,"3",7.71511091553744,8.12996370974932,6.8103750173971
477,"3",7.97262222135105,8.1886871178258,8.62551637079899
478,"3",7.91105389417506,7.49588621678352,7.1595089434679
479,"3",7.57981253398991,7.11126418453952,7.8443755847766
480,"3",7.7515062590352,7.93932874514033,8.713403289568
481,"3",7.74466318435313,6.78304294625422,7.4133739694283
482,"3",8.24631073245354,7.53941503241159,6.15495979220973
483,"3",8.24761623628185,7.80535526161508,8.19122502663253
484,"3",7.71102333204022,8.55028448192643,7.68606422537452
485,"3",7.86533836853085,8.2236789552747,8.98165525399
486,"3",8.08229379745602,8.0944904460719,7.20649154171349
487,"3",8.34895361455944,7.89051524480102,9.21029080561064
488,"3",7.682370201539,7.54760221569465,8.25221152232428
489,"3",7.68918074434789,7.66118486753308,6.64011024052335
490,"3",8.10890160837183,7.50370752749788,7.43540467318744
491,"3",7.92138036433387,7.78174547612907,7.27302662755268
492,"3",8.15112625123852,8.25766710314533,8.17761762142163
493,"3",8.19370614288182,7.93691622286221,8.97247165946484
494,"3",8.43217414508535,8.54472983730328,8.45154963825926
495,"3",8.21272973583683,8.12612346482628,7.16303871198428
496,"3",7.88151842118393,7.58932852844456,8.34909342615508
497,"3",7.94779773204363,7.64570129292138,10.2070137646234
498,"3",7.93561718445892,7.97798982572297,7.34466130538504
499,"3",7.72576633016929,7.69327821747095,7.20916648239047
500,"3",7.87824967375321,7.26493372089011,7.98805322055088
501,"3",8.45232756092334,7.55207094429431,8.7012564298143
502,"3",8.78474682940297,7.7736623560565,9.2313465353304
503,"3",7.91138277977339,8.10079199170828,7.71110590214616
504,"3",8.7472954847321,7.35170507372783,8.05036529374357
505,"3",8.08241680816431,8.10368838106154,7.88608523958072
506,"3",7.866191772936,8.49278581371585,6.67853680387631
507,"3",8.10179144785902,7.78112250320515,7.27177826445572
508,"3",8.20638518282243,7.4352169117001,8.84235449503036
509,"3",8.13220616935372,7.76424873956095,7.64694524404422
510,"3",8.1194492973571,8.21341523744368,10.1043056027798
511,"3",7.94130632312136,7.79161820544998,6.03660985396212
512,"3",8.18494793834745,8.0911715803797,6.92618261565511
513,"3",7.92998883940065,7.24844468790707,6.87958321242381
514,"3",8.14720296975205,7.18738672584767,9.4644427785961
515,"3",8.63213007833428,8.14506789516365,6.54016381878643
516,"3",7.90907524238029,7.77127249494755,9.34567216985731
517,"3",8.23677185621805,8.40325715630611,9.37674639184246
518,"3",8.08358172560815,7.58240687841303,8.09157566181192
519,"3",8.1646420746198,7.54821474694009,7.76183290362612
520,"3",7.90955768613735,8.24331639624111,8.49802885967594
521,"3",8.07119310695715,7.53013484802596,7.69430115498275
522,"3",7.99877512762467,7.41585482882115,6.47508354088451
523,"3",8.0910780082279,7.45728047113815,7.82407997221084
524,"3",8.11126889519126,7.97050329109582,7.25543720678565
525,"3",8.05157532896972,8.19281379050863,7.47594724330345
526,"3",8.71530478863517,8.6689186954059,9.69462405064075
527,"3",8.16851324426276,7.87743014041356,6.97315222051751
528,"3",7.63111156014405,7.59414199104368,9.71451485230244
529,"3",7.93513750564921,7.54622749347441,6.67370018964178
530,"3",8.08896098282486,8.0912600607939,7.83216079834965
531,"3",8.15973648866072,7.93667420492714,10.3427820035284
532,"3",7.92334620818698,7.20164574899446,7.70230652331027
533,"3",7.98154646314022,7.85617892516395,8.0946764586651
534,"3",8.46626560374466,7.7895996740698,7.70932484683105
535,"3",8.32241798290474,7.26434791048082,9.81325867271858
536,"3",8.04108235972584,8.65058929296991,7.19201636330846
537,"3",8.25843044781728,7.72537549637303,8.90065390824417
538,"3",7.77351707524832,8.15109986709638,7.83778178574097
539,"3",8.4056892532954,8.11532786060833,7.42401404013648
540,"3",8.07220813832882,7.83181680484207,6.95699444493989
541,"3",8.29667419135528,8.30059818231149,8.3744672362022
542,"3",7.42100992878704,7.89627427930416,8.53919441761222
543,"3",8.14831089734817,6.93517406740423,7.80868194822726
544,"3",7.65664149336764,8.05441732544593,7.442816188815
545,"3",7.29109493209256,8.6628782145729,8.03173378097947
546,"3",8.09839622366626,7.8892866785424,6.69338839176989
547,"3",7.65912114892496,7.79458354096115,8.2055029585253
548,"3",8.04028351369375,7.53100385486642,7.35534425150044
549,"3",7.96859638267273,7.49458318186201,7.35392998709355
550,"3",7.55637204305645,7.85061661550648,7.53662213682955
551,"3",7.52594354288799,6.86273763995965,6.84123579778483
552,"3",7.96473501096851,6.65197085533945,10.323808434413
553,"3",7.83923198184329,7.24633107008115,9.01061208564511
554,"3",8.07211510532795,7.65810278418124,7.23079295058011
555,"3",8.31873339939707,6.9348314495963,5.33886723220722
556,"3",7.98926910541853,7.43302839439737,8.89887075257525
557,"3",8.04964828408336,7.74002448512237,6.23284990084869
558,"3",7.97298687200673,8.91502952960017,5.9858346669359
559,"3",7.64649244231454,8.72526028203244,7.30256631559153
560,"3",8.34477669579057,8.30352443664875,7.1241103003035
561,"3",8.09546645110063,7.50332849314275,8.8141375054049
562,"3",7.84042518766379,8.4540404594376,7.73719020022144
563,"3",7.79276819961495,7.75022286902064,10.5016023475306
564,"3",8.20073826486796,7.82930912213654,8.01653739354
565,"3",8.33202207357108,8.16066907084773,6.38339039302904
566,"3",8.13686617810467,8.68447008743177,7.92808715788477
567,"3",8.05834125232451,7.1333732091568,6.7959649469107
568,"3",8.43438127764236,8.17847405478505,7.44505851426537
569,"3",7.57223103236018,7.29312654197686,9.34015354441789
570,"3",7.77502574086664,7.647074259843,7.5384671094132
571,"3",7.59972037597003,8.58906612566824,10.1992418512816
572,"3",8.14323656917963,8.24374360670961,7.30526615237079
573,"3",8.25867088898661,7.89513391019546,7.84374979798553
574,"3",8.1290022593116,8.87654776369394,8.5088695610568
575,"3",7.88117611010249,8.0058725923254,7.76756047659121
576,"3",7.93440245192133,8.62404301892437,8.09382298836233
577,"3",8.25867706538419,8.22611328081727,6.48930510580058
578,"3",8.16584180243178,8.28274244358863,8.1626360192602
579,"3",8.14607212022884,8.69367505205983,8.42123788272471
580,"3",7.74144419890927,7.84998962400542,7.68003495967724
581,"3",8.17502332584251,8.27713282353087,7.13447725290817
582,"3",8.17692719475422,7.89308413670021,9.23889539490758
583,"3",8.08011769733617,7.26834386712792,8.76275024428588
584,"3",7.78560871134233,7.55367915745645,7.52979838109413
585,"3",8.24602694320825,8.0140518094791,7.44813288345469
586,"3",7.83084491597992,8.50448173619244,8.79018302334737
587,"3",8.01624848994573,8.01258347548298,8.09578274050075
588,"3",8.23795158433224,7.86599696779396,8.84584719858857
589,"3",7.88828305188794,8.19274799549438,7.58509959499851
590,"3",7.91398949646324,7.30829829141225,7.10972513754147
591,"3",8.13097405166497,8.88762758292081,8.22364834667092
592,"3",7.73050168454787,7.53465852774361,7.54487839864554
593,"3",7.86170172765825,8.70096670903527,8.737159946423
594,"3",7.8503617220677,8.24049275763517,8.7381291679246
595,"3",7.86238853952765,8.3614336317246,5.68470524671067
596,"3",8.06814627054523,7.67344542227317,8.34147896810736
597,"3",8.18270311386148,6.85335686193119,7.11888545296884
598,"3",8.62146858463286,8.02187594564586,9.21406223244866
599,"3",7.88721680381275,6.99779194689995,8.12055965282808
600,"3",7.83232073356316,8.76007761528955,7.0523551840931
